Suppose:
P = [
	[179, 82,  142, 179, 1,   179, 167, 90,  38,  81,  223, 142, 151, 65,  2,   145, 0,   125, 223, 37,  199],
	[150, 249, 12,  187, 82,  242, 252, 238, 167, 3,   16,  85,  195, 78,  88,  146, 101, 90,  241, 189, 236],
	[124, 158, 59,  25,  104, 99,  102, 5,   182, 93,  19,  144, 229, 5,   1,   67,  160, 75,  230, 74,  91 ],
	[36,  119, 21,  61,  151, 59,  177, 128, 155, 200, 158, 252, 149, 112, 133, 79,  150, 211, 124, 42,  22 ],
	[207, 153, 13,  208, 178, 130, 70,  175, 71,  155, 228, 4,   204, 226, 102, 180, 106, 27,  104, 105, 243],
	[51,  36,  255, 23,  65,  61,  226, 23,  176, 241, 226, 254, 163, 140, 212, 162, 101, 91,  69,  8,   65 ],
	[14,  38,  53,  19,  209, 104, 6,   217, 177, 160, 219, 248, 34,  137, 107, 124, 200, 73,  180, 190, 146],
	[104, 45,  35,  241, 96,  193, 159, 66,  128, 45,  9,   216, 180, 93,  149, 58,  242, 115, 67,  157, 13 ],
	[254, 168, 70,  126, 150, 53,  161, 165, 11,  121, 220, 156, 190, 18,  14,  147, 57,  8,   162, 235, 9  ],
	[74,  237, 216, 229, 68,  23,  245, 160, 74,  241, 110, 167, 172, 43,  195, 96,  247, 185, 210, 120, 77 ],
	[172, 10,  69,  11,  108, 114, 146, 55,  105, 152, 137, 96,  229, 173, 131, 155, 128, 191, 203, 141, 245],
	[154, 31,  75,  126, 253, 170, 156, 142, 232, 247, 153, 194, 71,  14,  102, 89,  120, 255, 210, 204, 245],
	[66,  233, 105, 210, 214, 16,  112, 57,  138, 21,  23,  113, 197, 199, 100, 139, 140, 250, 252, 113, 128],
	[250, 54,  91,  49,  5,   77,  7,   11,  204, 219, 146, 231, 245, 198, 131, 96,  28,  246, 94,  216, 61 ],
	[23,  253, 212, 22,  172, 78,  75,  35,  65,  12,  133, 179, 86,  139, 184, 33,  199, 147, 18,  131, 253],
	[47,  45,  132, 155, 99,  256, 120, 112, 220, 86,  173, 201, 147, 251, 205, 18,  200, 175, 118, 113, 225],
	[188, 250, 27,  4,   33,  183, 245, 114, 43,  75,  101, 75,  240, 232, 94,  125, 159, 191, 251, 82,  187],
	[49,  121, 206, 118, 245, 209, 29,  198, 4,   182, 82,  80,  176, 11,  16,  40,  254, 37,  171, 203, 183],
	[73,  105, 149, 34,  124, 14,  72,  155, 251, 236, 13,  221, 17,  119, 126, 86,  226, 150, 229, 160, 245]
]

C = [307671, 396746, 260206, 330907, 373465, 311678, 360107, 309443, 308155, 377142, 367852, 462492, 315534, 371559, 259915, 405254, 358755, 339111, 368407]

Form:
key=[]
for p in enumerate(P):
  C[i] = sum([p[j]*k for j, k in enumerate(key)])

FOUND ALL ELEMENT OF ARRAY {key}

HINT: Values of element in range(0,255)
